Data set #1
Average
A = [0,1,0,0,0,1,1,1,1,1,1,1,0,0,0,1,1,1]
0.05688 seconds
Kmeans
A = [0,1,0,0,0,1,1,1,1,1,1,1,0,0,0,1,1,1]
0.02203 seconds
Hamming distance
Data set #2
Average
A = [0,0,0,0,0,0,0,0,0,0,0,0,0,1,1,1,1,1,1,0,0,0,0]
0.05392 seconds
Kmeans
A = [0,0,0,0,0,0,0,0,0,1,0,1,0,1,1,1,1,1,1,0,0,0,0]
0.01613 seconds
Hamming distance
Data set #3
Average
A = [0,0,0,0,0,0,0,0,0,0,0,0,0,0,0,0,0,0,0,0,0,0,0,0,0,1,0,0,0,0,0,0,0,0,0,0,0,0
,0,0,0,0,0,0,0,0,0,0,0,0,0,0,0,0,0,0,0,0,0,0,0,0,0,0,0,0,0,0,0,0,0]
0.9284 seconds
Kmeans
A = [0,0,0,0,0,0,0,0,0,0,0,0,0,0,0,0,0,0,0,0,0,0,0,0,0,0,0,0,0,0,0,0,0,0,0,0,0,0
,0,0,0,0,0,0,0,0,0,0,0,0,0,0,0,1,1,1,1,1,1,1,1,1,1,1,1,1,1,1,1,1,1]
0.03465 seconds
Hamming distance
Data set #4
Average
A = [0,1,1,1,1,1,1,1,1,1,1,1,1,1,1,1,1,1,1,1,1,1,1,1,1,1,1,1,2,1,1,1,1,1,1,1,1,1
,1,1,1,1,1,1,1,1,1,1,2]
0.3247 seconds
Kmeans
A = [0,0,0,1,1,0,0,1,1,2,2,1,1,2,2,2,1,0,0,0,1,0,0,1,1,2,1,1,1,2,2,1,1,0,0,1,1,0
,1,1,1,2,2,1,1,2,2,2,2]
0.02848 seconds
Hamming distance
